icon: s_icon_l32_upgrade_sensor7
color:
  r: 1
  g: 0.5293714
  b: 0.3820755
  a: 1
hidden: false
priority: 1
