hidden: false
priority: 0
textName: Alpine Forest
source: '[aa]Alpine'
rating: 1
pattern: 
colorPrimary:
  r: 0.5283019
  g: 0.5073117
  b: 0.3463866
  a: 0
colorSecondary:
  r: 0.2797914
  g: 0.3113208
  b: 0.2041207
  a: 0
colorTertiary:
  r: 0.7735849
  g: 0.6363153
  b: 0.4488252
  a: 0
materialPrimary:
  x: 0
  y: 0.5
  z: 0.8
  w: 0
materialSecondary:
  x: 0
  y: 0.5
  z: 0.8
  w: 0
materialTertiary:
  x: 0
  y: 0.5
  z: 0.8
  w: 0
effect:
  x: 0
  y: 0
  z: 0
  w: 0
