hidden: false
priority: 0
textName: Industrial B
source: Civilian
rating: 2
pattern: 
colorPrimary:
  r: 0.35
  g: 0.34125
  b: 0.3325
  a: 0
colorSecondary:
  r: 0.7
  g: 0.4447916
  b: 0.196875
  a: 0
colorTertiary:
  r: 0.2078431
  g: 0.2078431
  b: 0.2078431
  a: 0
materialPrimary:
  x: 0
  y: 0.5
  z: 0.8
  w: 0
materialSecondary:
  x: 0
  y: 0.5
  z: 0.8
  w: 0
materialTertiary:
  x: 0
  y: 0.5
  z: 0.8
  w: 0
effect:
  x: 0
  y: 0
  z: 0
  w: 0
