hidden: false
priority: 0
textName: Experimental G1
source: Experimental
rating: 1
pattern: 
colorPrimary:
  r: 0.4284314
  g: 0.4448307
  b: 0.4509804
  a: 0
colorSecondary:
  r: 0.4823529
  g: 0.3872605
  b: 0.3714118
  a: 0
colorTertiary:
  r: 0.4509804
  g: 0.2849376
  b: 0.2480392
  a: 0
materialPrimary:
  x: 0
  y: 0.2
  z: 0.5
  w: 0
materialSecondary:
  x: 0
  y: 0.2
  z: 0.5
  w: 0
materialTertiary:
  x: 0
  y: 0.2
  z: 0.5
  w: 0
effect:
  x: 0
  y: 0
  z: 1
  w: 0
