hidden: false
priority: 0
textName: Role Attacker
source: Role
rating: 2
pattern: 
colorPrimary:
  r: 0.6313726
  g: 0.2991534
  b: 0.2651765
  a: 0
colorSecondary:
  r: 0.5176471
  g: 0.298366
  b: 0.2784314
  a: 0
colorTertiary:
  r: 0.7921569
  g: 0.299423
  b: 0.2534902
  a: 0
materialPrimary:
  x: 0
  y: 0.4
  z: 0.8
  w: 0
materialSecondary:
  x: 0
  y: 0.4
  z: 0.8
  w: 0
materialTertiary:
  x: 0
  y: 0.4
  z: 0.8
  w: 0
effect:
  x: 0
  y: 0
  z: 0
  w: 0
