hidden: false
priority: 0
textName: Specops G3 ATK
source: Specops
rating: 1
pattern: 
colorPrimary:
  r: 0.5
  g: 0.2260869
  b: 0.2608696
  a: 0
colorSecondary:
  r: 0.915
  g: 0.5954067
  b: 0.464067
  a: 0
colorTertiary:
  r: 0.8
  g: 0.4705883
  b: 0.3419608
  a: 0
materialPrimary:
  x: 0
  y: 0.5
  z: 1
  w: 0
materialSecondary:
  x: 0
  y: 0.5
  z: 1
  w: 1
materialTertiary:
  x: 0
  y: 0.3
  z: 0.5
  w: 1
effect:
  x: 0
  y: 0
  z: 1
  w: 0
