hidden: false
priority: 0
textName: Experimental G2
source: Experimental
rating: 1
pattern: 
colorPrimary:
  r: 0.45
  g: 0.4178571
  b: 0.4146428
  a: 0
colorSecondary:
  r: 0.4509804
  g: 0.3507625
  b: 0.3382353
  a: 0
colorTertiary:
  r: 0.3632143
  g: 0.4275
  b: 0.45
  a: 0
materialPrimary:
  x: 0
  y: 0.2
  z: 0.5
  w: 0
materialSecondary:
  x: 0
  y: 0.5
  z: 1
  w: 0
materialTertiary:
  x: 0
  y: 0.2
  z: 0.5
  w: 0
effect:
  x: 0
  y: 0.75
  z: 0
  w: 0
