hidden: false
priority: 0
textName: Specops G3 ATK
source: Specops
rating: 1
pattern: 
colorPrimary:
  r: 0.2130651
  g: 0.2974368
  b: 0.3396226
  a: 0
colorSecondary:
  r: 0.8196079
  g: 0.5340723
  b: 0.4156863
  a: 0
colorTertiary:
  r: 0.1792453
  g: 0.1691739
  b: 0.1564169
  a: 0
materialPrimary:
  x: 0
  y: 0.5
  z: 1
  w: 0
materialSecondary:
  x: 0
  y: 0.5
  z: 1
  w: 1
materialTertiary:
  x: 0
  y: 0.3
  z: 0.5
  w: 0
effect:
  x: 0
  y: 0
  z: 0
  w: 0
