hidden: false
priority: 0
textName: Specops G2 ATK
source: Specops
rating: 1
pattern: 
colorPrimary:
  r: 0.3490196
  g: 0.2668974
  b: 0.2617647
  a: 0
colorSecondary:
  r: 0.4882353
  g: 0.5490196
  b: 0.1843137
  a: 0
colorTertiary:
  r: 0.8
  g: 0.4705883
  b: 0.3419608
  a: 0
materialPrimary:
  x: 0
  y: 0.3
  z: 0.5
  w: 0
materialSecondary:
  x: 0
  y: 0.3
  z: 0.5
  w: 0
materialTertiary:
  x: 0
  y: 0.5
  z: 1
  w: 1
effect:
  x: 0
  y: 0
  z: 0
  w: 0
