hidden: false
priority: 0
textName: Officer C
source: Special ops
rating: 2
pattern: 
colorPrimary:
  r: 0.3490196
  g: 0.2792157
  b: 0.2792157
  a: 0
colorSecondary:
  r: 0.2078431
  g: 0.1766667
  b: 0.1766667
  a: 0
colorTertiary:
  r: 0.7
  g: 0.2710784
  b: 0.2230392
  a: 0
materialPrimary:
  x: 0
  y: 0.5
  z: 0.8
  w: 0
materialSecondary:
  x: 0
  y: 0.5
  z: 0.8
  w: 0
materialTertiary:
  x: 0
  y: 0.5
  z: 0.8
  w: 0
effect:
  x: 0
  y: 0
  z: 0
  w: 0
