hidden: true
priority: 0
textName: 
source: 
rating: 2
pattern: 
colorPrimary:
  r: 0.5
  g: 0.4142857
  b: 0.09999999
  a: 0
colorSecondary:
  r: 0.1803922
  g: 0.1444445
  b: 0.1411765
  a: 0
colorTertiary:
  r: 0.5
  g: 0.5
  b: 0.5
  a: 0
materialPrimary:
  x: 0
  y: 0.5
  z: 1
  w: 0
materialSecondary:
  x: 0
  y: 0.5
  z: 1
  w: 0
materialTertiary:
  x: 0
  y: 0.5
  z: 1
  w: 0
effect:
  x: 0
  y: 0
  z: 0
  w: 0
