hidden: false
priority: 0
textName: Iridescent Red
source: Factory
rating: 3
pattern: 
colorPrimary:
  r: 0.3490196
  g: 0.2627451
  b: 0.2886275
  a: 0
colorSecondary:
  r: 0.25
  g: 0.1882022
  b: 0.2078652
  a: 0
colorTertiary:
  r: 0.7
  g: 0.2602094
  b: 0.2089005
  a: 0
materialPrimary:
  x: 0
  y: 0.5
  z: 0.8
  w: 0
materialSecondary:
  x: 0
  y: 0.5
  z: 0.8
  w: 0
materialTertiary:
  x: 0
  y: 0.5
  z: 0.8
  w: 0
effect:
  x: 1
  y: 0
  z: 1
  w: 0
