hidden: false
priority: 0
textName: Iridescent D
source: Factory
rating: 3
pattern: 
colorPrimary:
  r: 0.7122642
  g: 0.7650597
  b: 1
  a: 0
colorSecondary:
  r: 0.3544411
  g: 0.398152
  b: 0.5566038
  a: 0
colorTertiary:
  r: 0.3210662
  g: 0.3427497
  b: 0.3490566
  a: 0
materialPrimary:
  x: 0
  y: 0.5
  z: 0.8
  w: 1
materialSecondary:
  x: 0
  y: 0.5
  z: 0.8
  w: 0.8
materialTertiary:
  x: 0
  y: 0.5
  z: 0.8
  w: 0
effect:
  x: 1
  y: 1
  z: 0
  w: 0
