hidden: false
priority: 0
textName: Neutral Green Cyan
source: Factory
rating: 1
pattern: 
colorPrimary:
  r: 0.1677852
  g: 0.5
  b: 0.3355704
  a: 0
colorSecondary:
  r: 0.2081461
  g: 0.65
  b: 0.4272472
  a: 0
colorTertiary:
  r: 0.3210662
  g: 0.3427497
  b: 0.3490566
  a: 0
materialPrimary:
  x: 0
  y: 0.5
  z: 0.8
  w: 0
materialSecondary:
  x: 0
  y: 0.5
  z: 0.8
  w: 0
materialTertiary:
  x: 0
  y: 0.5
  z: 0.8
  w: 0
effect:
  x: 0
  y: 0
  z: 0
  w: 0
