hidden: false
priority: 0
textName: Light Silver Petal
source: '[aa]Petal'
rating: 1
pattern: 
colorPrimary:
  r: 0.7
  g: 0.4563726
  b: 0.4563726
  a: 0
colorSecondary:
  r: 0.3233333
  g: 0.3803922
  b: 0.3803922
  a: 0
colorTertiary:
  r: 0.8018868
  g: 0.6619349
  b: 0.6619349
  a: 0
materialPrimary:
  x: 0
  y: 0.5
  z: 0.8
  w: 0
materialSecondary:
  x: 0
  y: 0.5
  z: 0.8
  w: 0
materialTertiary:
  x: 0
  y: 0.5
  z: 0.8
  w: 0
effect:
  x: 0
  y: 0
  z: 0
  w: 0
