image: t_portrait_pilot_preset_pb_04
color:
  r: 0.504717
  g: 0.5529412
  b: 1
  a: 1
