image: t_portrait_pilot_preset_pb_02
color:
  r: 0.5058824
  g: 0.9035731
  b: 1
  a: 1
