image: t_portrait_disconnected
color:
  r: 1
  g: 0.7137255
  b: 0.5058824
  a: 1
