hidden: false
priority: 0
textName: 
source: 
rating: 1
pattern: 
colorPrimary:
  r: 0.1962339
  g: 0.254902
  b: 0.1490196
  a: 0
colorSecondary:
  r: 0.2641216
  g: 0.3018868
  b: 0.2150231
  a: 0
colorTertiary:
  r: 0.36553
  g: 0.4150943
  b: 0.3152367
  a: 0
materialPrimary:
  x: 0
  y: 0.2
  z: 0.5
  w: 0
materialSecondary:
  x: 0
  y: 0.2
  z: 0.5
  w: 0
materialTertiary:
  x: 0
  y: 0.2
  z: 0.5
  w: 0
effect:
  x: 0
  y: 0
  z: 0
  w: 0
contentSource: 
contentParameters:
  x: 0
  y: 0
  z: 0
  w: 0
