hidden: false
priority: 0
textName: Blueberry
source: '[aa]Bubblegum'
rating: 1
pattern: 
colorPrimary:
  r: 0.3546667
  g: 0.3818182
  b: 0.4666667
  a: 0
colorSecondary:
  r: 0.6
  g: 0.2910448
  b: 0.4074628
  a: 0
colorTertiary:
  r: 0.2078431
  g: 0.2078431
  b: 0.2078431
  a: 0
materialPrimary:
  x: 0
  y: 0.5
  z: 0.8
  w: 0
materialSecondary:
  x: 0
  y: 0.5
  z: 0.8
  w: 0
materialTertiary:
  x: 0
  y: 0.5
  z: 0.8
  w: 0
effect:
  x: 0
  y: 0
  z: 0
  w: 0
contentSource: 
contentParameters:
  x: 0
  y: 0
  z: 0
  w: 0
