hidden: false
priority: 0
textName: Default
source: '[aa]Factory'
rating: 1
pattern: 
colorPrimary:
  r: 0.4419722
  g: 0.475016
  b: 0.490566
  a: 0
colorSecondary:
  r: 0.5660378
  g: 0.5660378
  b: 0.5660378
  a: 0
colorTertiary:
  r: 0.3490566
  g: 0.322404
  b: 0.2914293
  a: 0
materialPrimary:
  x: 0
  y: 0.5
  z: 0.8
  w: 0
materialSecondary:
  x: 0
  y: 0.5
  z: 0.8
  w: 0
materialTertiary:
  x: 0
  y: 0.5
  z: 0.8
  w: 0
effect:
  x: 0
  y: 0
  z: 0
  w: 0
