hidden: false
textName: Reserves G1
source: Reserves
rating: 1
pattern: 
colorPrimary:
  r: 0.4153168
  g: 0.5754717
  b: 0.4853846
  a: 0
colorSecondary:
  r: 0.7386081
  g: 0.8113208
  b: 0.7685486
  a: 0
colorTertiary:
  r: 0.9622642
  g: 0.6236708
  b: 0.3948915
  a: 0
materialPrimary:
  x: 0
  y: 0.3
  z: 0.5
  w: 0
materialSecondary:
  x: 0
  y: 0.3
  z: 0.5
  w: 0
materialTertiary:
  x: 0
  y: 0.5
  z: 1
  w: 1
effect:
  x: 0
  y: 0
  z: 0
  w: 0
