hidden: false
priority: 0
textName: Homeguard C
source: Homeguard
rating: 1
pattern: 
colorPrimary:
  r: 0.5533333
  g: 0.6509804
  b: 0.5908899
  a: 0
colorSecondary:
  r: 0.3529412
  g: 0.4431373
  b: 0.3890196
  a: 0
colorTertiary:
  r: 0.2164916
  g: 0.2681721
  b: 0.3301887
  a: 0
materialPrimary:
  x: 0
  y: 0.3
  z: 0.5
  w: 0
materialSecondary:
  x: 0
  y: 0.3
  z: 0.5
  w: 0
materialTertiary:
  x: 0
  y: 0.3
  z: 0.5
  w: 0
effect:
  x: 0
  y: 0
  z: 0
  w: 0
contentSource: 
contentParameters:
  x: 0
  y: 0
  z: 0
  w: 0
