hidden: false
textName: Reserves G1
source: Reserves
rating: 1
pattern: 
colorPrimary:
  r: 0.7450981
  g: 0.8117647
  b: 0.7717648
  a: 0
colorSecondary:
  r: 0.5294118
  g: 0.6784314
  b: 0.5890197
  a: 0
colorTertiary:
  r: 0.7647059
  g: 0.8666667
  b: 0.8054902
  a: 0
materialPrimary:
  x: 0
  y: 0.3
  z: 0.5
  w: 0
materialSecondary:
  x: 0
  y: 0.3
  z: 0.5
  w: 0
materialTertiary:
  x: 0
  y: 0.3
  z: 0.5
  w: 0
effect:
  x: 0
  y: 0
  z: 0
  w: 0
