hidden: false
priority: 0
textName: Homeguard B
source: Homeguard
rating: 1
pattern: 
colorPrimary:
  r: 0.3529412
  g: 0.4431373
  b: 0.3890196
  a: 0
colorSecondary:
  r: 0.3607843
  g: 0.3960784
  b: 0.374902
  a: 0
colorTertiary:
  r: 0.4392157
  g: 0.64
  b: 0.8
  a: 0
materialPrimary:
  x: 0
  y: 0.3
  z: 0.5
  w: 0
materialSecondary:
  x: 0
  y: 0.3
  z: 0.5
  w: 0
materialTertiary:
  x: 0
  y: 0.5
  z: 1
  w: 1
effect:
  x: 0
  y: 0
  z: 0
  w: 0
