hidden: false
priority: 0
textName: Officer A
source: Army
rating: 2
pattern: 
colorPrimary:
  r: 0.5
  g: 0.2013423
  b: 0.1677852
  a: 0
colorSecondary:
  r: 0.65
  g: 0.2519663
  b: 0.2081461
  a: 0
colorTertiary:
  r: 0.3490196
  g: 0.2966667
  b: 0.2966667
  a: 0
materialPrimary:
  x: 0
  y: 0.5
  z: 0.8
  w: 0
materialSecondary:
  x: 0
  y: 0.5
  z: 0.8
  w: 0
materialTertiary:
  x: 0
  y: 0.5
  z: 0.8
  w: 0
effect:
  x: 0
  y: 0
  z: 0
  w: 0
