hidden: false
textName: Field Officer
source: Army
rating: 2
pattern: 
colorPrimary:
  r: 0.2684564
  g: 0.4
  b: 0.2684564
  a: 0
colorSecondary:
  r: 0.754717
  g: 0.754717
  b: 0.754717
  a: 1
colorTertiary:
  r: 0.6039216
  g: 0.4910478
  b: 0.1176471
  a: 1
materialPrimary:
  x: 0
  y: 0.5
  z: 0.8
  w: 0
materialSecondary:
  x: 0
  y: 0.5
  z: 0.8
  w: 0
materialTertiary:
  x: 0
  y: 0.5
  z: 0.8
  w: 0
effect:
  x: 0
  y: 0
  z: 0
  w: 0
