hidden: false
textName: Role Ranger
source: Role
rating: 1
pattern: 
colorPrimary:
  r: 0.392711
  g: 0.5188679
  b: 0.3206212
  a: 0
colorSecondary:
  r: 0.3108742
  g: 0.4056604
  b: 0.2659754
  a: 0
colorTertiary:
  r: 0.4887982
  g: 0.6603774
  b: 0.4018334
  a: 0
materialPrimary:
  x: 0
  y: 0.4
  z: 0.8
  w: 0
materialSecondary:
  x: 0
  y: 0.4
  z: 0.8
  w: 0
materialTertiary:
  x: 0
  y: 0.4
  z: 0.8
  w: 0
effect:
  x: 0
  y: 0
  z: 0
  w: 0
