hidden: false
textName: Role Charger
source: Role
rating: 1
pattern: 
colorPrimary:
  r: 0.7450981
  g: 0.4941176
  b: 0.2431372
  a: 0
colorSecondary:
  r: 0.5176471
  g: 0.3980392
  b: 0.2784314
  a: 0
colorTertiary:
  r: 0.945098
  g: 0.6176471
  b: 0.2901961
  a: 0
materialPrimary:
  x: 0
  y: 0.4
  z: 0.8
  w: 0
materialSecondary:
  x: 0
  y: 0.4
  z: 0.8
  w: 0
materialTertiary:
  x: 0
  y: 0.4
  z: 0.8
  w: 0
effect:
  x: 0
  y: 0
  z: 0
  w: 0
