hidden: false
textName: Officer A
source: Army
rating: 2
pattern: 
colorPrimary:
  r: 0.5849056
  g: 0.2364109
  b: 0.1958882
  a: 0
colorSecondary:
  r: 0.8018868
  g: 0.3088265
  b: 0.2534265
  a: 0
colorTertiary:
  r: 0.3210662
  g: 0.3427497
  b: 0.3490566
  a: 0
materialPrimary:
  x: 0
  y: 0.5
  z: 0.8
  w: 0
materialSecondary:
  x: 0
  y: 0.5
  z: 0.8
  w: 0
materialTertiary:
  x: 0
  y: 0.5
  z: 0.8
  w: 0
effect:
  x: 0
  y: 0
  z: 0
  w: 0
