hidden: false
priority: 0
textName: Reserves G2
source: Reserves
rating: 1
pattern: 
colorPrimary:
  r: 0.3490196
  g: 0.3254902
  b: 0.3176471
  a: 0
colorSecondary:
  r: 0.3875338
  g: 0.4433962
  b: 0.3534621
  a: 0
colorTertiary:
  r: 0.6980392
  g: 0.3658823
  b: 0.3141176
  a: 0
materialPrimary:
  x: 0
  y: 0.3
  z: 0.5
  w: 0
materialSecondary:
  x: 0
  y: 0.3
  z: 0.5
  w: 0
materialTertiary:
  x: 0
  y: 0.5
  z: 1
  w: 1
effect:
  x: 0
  y: 0
  z: 0
  w: 0
