hidden: false
textName: Reserves G3
source: Reserves
rating: 1
pattern: 
colorPrimary:
  r: 0.3755447
  g: 0.3960784
  b: 0.3607843
  a: 0
colorSecondary:
  r: 0.7735849
  g: 0.5193966
  b: 0.3028658
  a: 0
colorTertiary:
  r: 0.3875338
  g: 0.4433962
  b: 0.3534621
  a: 0
materialPrimary:
  x: 0
  y: 0.5
  z: 1
  w: 0
materialSecondary:
  x: 0
  y: 0.5
  z: 1
  w: 1
materialTertiary:
  x: 0
  y: 0.3
  z: 0.5
  w: 0
effect:
  x: 0
  y: 0
  z: 0
  w: 0
