hidden: false
priority: 0
textName: Target A
source: Army
rating: 2
pattern: 
colorPrimary:
  r: 0.5843138
  g: 0.3578432
  b: 0.1960784
  a: 0
colorSecondary:
  r: 0.8
  g: 0.4820262
  b: 0.2549019
  a: 0
colorTertiary:
  r: 0.3490196
  g: 0.2953243
  b: 0.2617647
  a: 0
materialPrimary:
  x: 0
  y: 0.5
  z: 0.8
  w: 0
materialSecondary:
  x: 0
  y: 0.5
  z: 0.8
  w: 0
materialTertiary:
  x: 0
  y: 0.5
  z: 0.8
  w: 0
effect:
  x: 0
  y: 0
  z: 0
  w: 0
