hidden: false
textName: Specops G1
source: Specops
rating: 1
pattern: 
colorPrimary:
  r: 0.3607155
  g: 0.3785346
  b: 0.3962264
  a: 0
colorSecondary:
  r: 0.2641509
  g: 0.2641509
  b: 0.2641509
  a: 0
colorTertiary:
  r: 0.1509434
  g: 0.1509434
  b: 0.1509434
  a: 0
materialPrimary:
  x: 0
  y: 0.3
  z: 0.5
  w: 0
materialSecondary:
  x: 0
  y: 0.3
  z: 0.5
  w: 0
materialTertiary:
  x: 0
  y: 0.3
  z: 0.5
  w: 0
effect:
  x: 0
  y: 0
  z: 0
  w: 0
