hidden: false
priority: 0
textName: Army G1
source: Army
rating: 1
pattern: 
colorPrimary:
  r: 0.6235294
  g: 0.539879
  b: 0.4666667
  a: 0
colorSecondary:
  r: 0.5176471
  g: 0.3764706
  b: 0.3294118
  a: 0
colorTertiary:
  r: 0.3411765
  g: 0.2687051
  b: 0.2470588
  a: 0
materialPrimary:
  x: 0
  y: 0.3
  z: 0.5
  w: 0
materialSecondary:
  x: 0
  y: 0.3
  z: 0.5
  w: 0
materialTertiary:
  x: 0
  y: 0.3
  z: 0.5
  w: 0
effect:
  x: 0
  y: 0
  z: 0
  w: 0
contentSource: 
contentParameters:
  x: 0
  y: 0
  z: 0
  w: 0
