hidden: false
priority: 0
textName: Specops Y
source: Specops
rating: 1
pattern: 
colorPrimary:
  r: 0.3490196
  g: 0.2899548
  b: 0.2792157
  a: 0
colorSecondary:
  r: 0.2075472
  g: 0.2075472
  b: 0.2075472
  a: 0
colorTertiary:
  r: 0.5490196
  g: 0.4258384
  b: 0.2901961
  a: 0
materialPrimary:
  x: 0
  y: 0.5
  z: 0.8
  w: 0
materialSecondary:
  x: 0
  y: 0.5
  z: 0.8
  w: 0
materialTertiary:
  x: 0
  y: 0.5
  z: 0.8
  w: 0
effect:
  x: 0
  y: 0
  z: 0
  w: 0
contentSource: 
contentParameters:
  x: 0
  y: 0
  z: 0
  w: 0
