hidden: false
textName: Officer C
source: Special ops
rating: 2
pattern: 
colorPrimary:
  r: 0.4528302
  g: 0.4528302
  b: 0.4528302
  a: 0
colorSecondary:
  r: 0.2075472
  g: 0.2075472
  b: 0.2075472
  a: 0
colorTertiary:
  r: 0.8000001
  g: 0.3098039
  b: 0.254902
  a: 0
materialPrimary:
  x: 0
  y: 0.5
  z: 0.8
  w: 0
materialSecondary:
  x: 0
  y: 0.5
  z: 0.8
  w: 0
materialTertiary:
  x: 0
  y: 0.5
  z: 0.8
  w: 0
effect:
  x: 0
  y: 0
  z: 0
  w: 0
