hidden: false
priority: 0
textName: Specops G3 ATK
source: Specops
rating: 1
pattern: 
colorPrimary:
  r: 0.3867925
  g: 0.2210532
  b: 0.2098167
  a: 0
colorSecondary:
  r: 0.735849
  g: 0.4732614
  b: 0.4338732
  a: 0
colorTertiary:
  r: 0.7058824
  g: 0.4352942
  b: 0.3450981
  a: 0
materialPrimary:
  x: 0
  y: 0.5
  z: 1
  w: 0
materialSecondary:
  x: 0
  y: 0.5
  z: 1
  w: 1
materialTertiary:
  x: 0
  y: 0.3
  z: 0.5
  w: 0
effect:
  x: 0
  y: 0.5
  z: 1
  w: 0
contentSource: 
contentParameters:
  x: 0
  y: 0
  z: 0
  w: 0
