hidden: false
priority: 0
textName: Specops G1 ATK
source: Specops
rating: 1
pattern: 
colorPrimary:
  r: 0.3366667
  g: 0.3675608
  b: 0.3960784
  a: 0
colorSecondary:
  r: 0.2627451
  g: 0.2233333
  b: 0.2233333
  a: 0
colorTertiary:
  r: 0.5471698
  g: 0.2211586
  b: 0.1832503
  a: 0
materialPrimary:
  x: 0
  y: 0.3
  z: 0.5
  w: 0
materialSecondary:
  x: 0
  y: 0.3
  z: 0.5
  w: 0
materialTertiary:
  x: 0
  y: 0.3
  z: 0.5
  w: 0
effect:
  x: 0
  y: 0
  z: 0
  w: 0
