hidden: false
priority: 0
textName: Specops G3
source: Specops
rating: 1
pattern: 
colorPrimary:
  r: 0.2554456
  g: 0.2792079
  b: 0.3
  a: 0
colorSecondary:
  r: 0.735849
  g: 0.4732614
  b: 0.4338732
  a: 0
colorTertiary:
  r: 0.1803922
  g: 0.1578431
  b: 0.1352941
  a: 0
materialPrimary:
  x: 0
  y: 0.5
  z: 1
  w: 0
materialSecondary:
  x: 0
  y: 0.5
  z: 1
  w: 1
materialTertiary:
  x: 0
  y: 0.3
  z: 0.5
  w: 0
effect:
  x: 0
  y: 0.5
  z: 0
  w: 0
contentSource: 
contentParameters:
  x: 0
  y: 0
  z: 0
  w: 0
