hidden: false
textName: Role Berserker
source: Role
rating: 1
pattern: 
colorPrimary:
  r: 0.8018868
  g: 0.7117376
  b: 0.2609915
  a: 0
colorSecondary:
  r: 0.5176471
  g: 0.4777778
  b: 0.2784314
  a: 0
colorTertiary:
  r: 0.6226415
  g: 0.5604753
  b: 0.249644
  a: 0
materialPrimary:
  x: 0
  y: 0.4
  z: 0.8
  w: 0
materialSecondary:
  x: 0
  y: 0.4
  z: 0.8
  w: 0
materialTertiary:
  x: 0
  y: 0.4
  z: 0.8
  w: 0
effect:
  x: 0
  y: 0
  z: 0
  w: 0
