hidden: false
priority: 0
textName: Specops G2 ATK
source: Specops
rating: 1
pattern: 
colorPrimary:
  r: 0.3366667
  g: 0.3675608
  b: 0.3960784
  a: 0
colorSecondary:
  r: 0.3773585
  g: 0.2239165
  b: 0.2082592
  a: 0
colorTertiary:
  r: 1
  g: 0.5918853
  b: 0.427451
  a: 0
materialPrimary:
  x: 0
  y: 0.3
  z: 0.5
  w: 0
materialSecondary:
  x: 0
  y: 0.3
  z: 0.5
  w: 0
materialTertiary:
  x: 0
  y: 0.5
  z: 1
  w: 1
effect:
  x: 0
  y: 0.5
  z: 1
  w: 0
