hidden: false
priority: 0
textName: Specops G2
source: Specops
rating: 1
pattern: 
colorPrimary:
  r: 0.3366667
  g: 0.3675608
  b: 0.3960784
  a: 0
colorSecondary:
  r: 0.2509804
  g: 0.2215686
  b: 0.2156863
  a: 0
colorTertiary:
  r: 0.5377358
  g: 0.2738611
  b: 0.2358935
  a: 0
materialPrimary:
  x: 0
  y: 0.3
  z: 0.5
  w: 0
materialSecondary:
  x: 0
  y: 0.3
  z: 0.5
  w: 0
materialTertiary:
  x: 0
  y: 0.5
  z: 1
  w: 1
effect:
  x: 0
  y: 0.5
  z: 1
  w: 0
contentSource: 
contentParameters:
  x: 0
  y: 0
  z: 0
  w: 0
