hidden: false
textName: Specops G2 ATK
source: Specops
rating: 1
pattern: 
colorPrimary:
  r: 0.2641509
  g: 0.2641509
  b: 0.2641509
  a: 0
colorSecondary:
  r: 0.5471698
  g: 0.2211586
  b: 0.1832503
  a: 0
colorTertiary:
  r: 1
  g: 0.8033534
  b: 0.4292453
  a: 0
materialPrimary:
  x: 0
  y: 0.3
  z: 0.5
  w: 0
materialSecondary:
  x: 0
  y: 0.3
  z: 0.5
  w: 0
materialTertiary:
  x: 0
  y: 0.5
  z: 1
  w: 1
effect:
  x: 0
  y: 0
  z: 0
  w: 0
