hidden: false
textName: Role Defender
source: Role
rating: 1
pattern: 
colorPrimary:
  r: 0.7921569
  g: 0.2431373
  b: 0.2901961
  a: 0
colorSecondary:
  r: 0.4622642
  g: 0.2420345
  b: 0.2609114
  a: 0
colorTertiary:
  r: 0.7075472
  g: 0.3971609
  b: 0.4237655
  a: 0
materialPrimary:
  x: 0
  y: 0.4
  z: 0.8
  w: 0
materialSecondary:
  x: 0
  y: 0.4
  z: 0.8
  w: 0
materialTertiary:
  x: 0
  y: 0.4
  z: 0.8
  w: 0
effect:
  x: 0
  y: 0
  z: 0
  w: 0
