hidden: false
priority: 0
textName: Field B
source: Army
rating: 2
pattern: 
colorPrimary:
  r: 0.3490196
  g: 0.2845852
  b: 0.2792157
  a: 0
colorSecondary:
  r: 0.2684564
  g: 0.4
  b: 0.2684564
  a: 0
colorTertiary:
  r: 0.2303371
  g: 0.244382
  b: 0.25
  a: 0
materialPrimary:
  x: 0
  y: 0.5
  z: 0.8
  w: 0
materialSecondary:
  x: 0
  y: 0.5
  z: 0.8
  w: 0
materialTertiary:
  x: 0
  y: 0.5
  z: 0.8
  w: 0
effect:
  x: 0
  y: 0
  z: 0
  w: 0
