hidden: false
priority: 0
textName: Specops G1 ATK
source: Specops
rating: 1
pattern: 
colorPrimary:
  r: 0.32
  g: 0.2732584
  b: 0.2552809
  a: 0
colorSecondary:
  r: 0.2931373
  g: 0.4509804
  b: 0.3750943
  a: 0
colorTertiary:
  r: 0.1509434
  g: 0.1509434
  b: 0.1509434
  a: 0
materialPrimary:
  x: 0
  y: 0.3
  z: 0.5
  w: 0
materialSecondary:
  x: 0
  y: 0.3
  z: 0.5
  w: 0
materialTertiary:
  x: 0
  y: 0.3
  z: 0.5
  w: 0
effect:
  x: 0
  y: 0
  z: 0
  w: 0
