hidden: false
textName: City A
source: Army
rating: 1
pattern: 
colorPrimary:
  r: 0.5849056
  g: 0.2364109
  b: 0.1958882
  a: 0
colorSecondary:
  r: 0.4716981
  g: 0.4581141
  b: 0.4472232
  a: 0.3843137
colorTertiary:
  r: 0.3210662
  g: 0.3427497
  b: 0.3490566
  a: 0
materialPrimary:
  x: 0
  y: 0.5
  z: 0.8
  w: 0
materialSecondary:
  x: 0
  y: 0.5
  z: 0.8
  w: 0
materialTertiary:
  x: 0
  y: 0.5
  z: 0.8
  w: 0
effect:
  x: 0
  y: 0
  z: 0
  w: 0
