hidden: false
textName: Army G2
source: Army
rating: 1
pattern: 
colorPrimary:
  r: 0.6226415
  g: 0.5730065
  b: 0.4669811
  a: 0
colorSecondary:
  r: 0.3396226
  g: 0.3122285
  b: 0.248309
  a: 0
colorTertiary:
  r: 0.8773585
  g: 0.8773585
  b: 0.8773585
  a: 0
materialPrimary:
  x: 0
  y: 0.3
  z: 0.5
  w: 0
materialSecondary:
  x: 0
  y: 0.3
  z: 0.5
  w: 0
materialTertiary:
  x: 0
  y: 0.7
  z: 1
  w: 1
effect:
  x: 0
  y: 0
  z: 0
  w: 0
