hidden: false
textName: Specops G2
source: Specops
rating: 1
pattern: 
colorPrimary:
  r: 0.3607155
  g: 0.3785346
  b: 0.3962264
  a: 0
colorSecondary:
  r: 0.1792453
  g: 0.1691739
  b: 0.1564169
  a: 0
colorTertiary:
  r: 1
  g: 0.8033534
  b: 0.4292453
  a: 0
materialPrimary:
  x: 0
  y: 0.3
  z: 0.5
  w: 0
materialSecondary:
  x: 0
  y: 0.3
  z: 0.5
  w: 0
materialTertiary:
  x: 0
  y: 0.5
  z: 1
  w: 1
effect:
  x: 0
  y: 0
  z: 0
  w: 0
