hidden: false
textName: Army G1
source: Army
rating: 1
pattern: 
colorPrimary:
  r: 0.6226415
  g: 0.5730065
  b: 0.4669811
  a: 0
colorSecondary:
  r: 0.5188679
  g: 0.4441294
  b: 0.3304112
  a: 0
colorTertiary:
  r: 0.3396226
  g: 0.3122285
  b: 0.248309
  a: 0
materialPrimary:
  x: 0
  y: 0.3
  z: 0.5
  w: 0
materialSecondary:
  x: 0
  y: 0.3
  z: 0.5
  w: 0
materialTertiary:
  x: 0
  y: 0.3
  z: 0.5
  w: 0
effect:
  x: 0
  y: 0
  z: 0
  w: 0
