hidden: false
priority: 0
textName: Experimental G3
source: Experimental
rating: 1
pattern: 
colorPrimary:
  r: 0.7490196
  g: 0.5804902
  b: 0.5243137
  a: 0
colorSecondary:
  r: 0.3490196
  g: 0.2966667
  b: 0.2966667
  a: 0
colorTertiary:
  r: 0.3632143
  g: 0.4275
  b: 0.45
  a: 0
materialPrimary:
  x: 0
  y: 0.5
  z: 1
  w: 1
materialSecondary:
  x: 0
  y: 0.2
  z: 0.2
  w: 0
materialTertiary:
  x: 0
  y: 0.2
  z: 0.5
  w: 0
effect:
  x: 0.75
  y: 0
  z: 0
  w: 0
contentSource: 
contentParameters:
  x: 0
  y: 0
  z: 0
  w: 0
