hidden: false
textName: Role Attacker
source: Role
rating: 2
pattern: 
colorPrimary:
  r: 0.6313726
  g: 0.3330065
  b: 0.3058824
  a: 0
colorSecondary:
  r: 0.5176471
  g: 0.298366
  b: 0.2784314
  a: 0
colorTertiary:
  r: 0.7921569
  g: 0.3284314
  b: 0.2862745
  a: 0
materialPrimary:
  x: 0
  y: 0.4
  z: 0.8
  w: 0
materialSecondary:
  x: 0
  y: 0.4
  z: 0.8
  w: 0
materialTertiary:
  x: 0
  y: 0.4
  z: 0.8
  w: 0
effect:
  x: 0
  y: 0
  z: 0
  w: 0
