hidden: false
priority: 0
textName: City A
source: Army
rating: 1
pattern: 
colorPrimary:
  r: 0.5849056
  g: 0.2364109
  b: 0.1958882
  a: 0
colorSecondary:
  r: 0.3490196
  g: 0.2919073
  b: 0.2443137
  a: 0.3843137
colorTertiary:
  r: 0.2980392
  g: 0.2533333
  b: 0.2533333
  a: 0
materialPrimary:
  x: 0
  y: 0.5
  z: 0.8
  w: 0
materialSecondary:
  x: 0
  y: 0.5
  z: 0.8
  w: 0
materialTertiary:
  x: 0
  y: 0.5
  z: 0.8
  w: 0
effect:
  x: 0
  y: 0
  z: 0
  w: 0
contentSource: 
contentParameters:
  x: 0
  y: 0
  z: 0
  w: 0
