hidden: false
priority: 0
textName: 
source: 
rating: 1
pattern: 
colorPrimary:
  r: 0.4339623
  g: 0.2968138
  b: 0.3726064
  a: 0
colorSecondary:
  r: 0.6226415
  g: 0.4731304
  b: 0.3553756
  a: 0
colorTertiary:
  r: 0.2397562
  g: 0.1843137
  b: 0.254902
  a: 0
materialPrimary:
  x: 0
  y: 0.5
  z: 0.8
  w: 0
materialSecondary:
  x: 0
  y: 0.5
  z: 0.8
  w: 1
materialTertiary:
  x: 0
  y: 0.5
  z: 0.8
  w: 0
effect:
  x: 0
  y: 0
  z: 0
  w: 0
contentSource: 
contentParameters:
  x: 0
  y: 0
  z: 0
  w: 0
