hidden: false
priority: 0
textName: Iridescent Magenta
source: Factory
rating: 3
pattern: 
colorPrimary:
  r: 0.3490196
  g: 0.2980392
  b: 0.3235294
  a: 0
colorSecondary:
  r: 0.2509804
  g: 0.1882353
  b: 0.2196078
  a: 0
colorTertiary:
  r: 0.72
  g: 0.2864922
  b: 0.5013613
  a: 0
materialPrimary:
  x: 0
  y: 0.5
  z: 0.8
  w: 0
materialSecondary:
  x: 0
  y: 0.5
  z: 0.8
  w: 0
materialTertiary:
  x: 0
  y: 0.5
  z: 0.8
  w: 0
effect:
  x: 1
  y: 0
  z: 1
  w: 0
