hidden: false
textName: Neutral Orange
source: Factory
rating: 1
pattern: 
colorPrimary:
  r: 0.5843138
  g: 0.3901961
  b: 0.1960784
  a: 0
colorSecondary:
  r: 0.8
  g: 0.527451
  b: 0.2549019
  a: 0
colorTertiary:
  r: 0.3210662
  g: 0.3427497
  b: 0.3490566
  a: 0
materialPrimary:
  x: 0
  y: 0.5
  z: 0.8
  w: 0
materialSecondary:
  x: 0
  y: 0.5
  z: 0.8
  w: 0
materialTertiary:
  x: 0
  y: 0.5
  z: 0.8
  w: 0
effect:
  x: 0
  y: 0
  z: 0
  w: 0
