hidden: false
priority: 0
textName: 
source: 
rating: 1
pattern: 
colorPrimary:
  r: 0.1921569
  g: 0.3627257
  b: 0.4901961
  a: 0
colorSecondary:
  r: 0.6226415
  g: 0.4731304
  b: 0.3553756
  a: 0
colorTertiary:
  r: 0.1862318
  g: 0.2143536
  b: 0.254717
  a: 0
materialPrimary:
  x: 0
  y: 0.5
  z: 0.8
  w: 0
materialSecondary:
  x: 0
  y: 0.5
  z: 0.8
  w: 1
materialTertiary:
  x: 0
  y: 0.5
  z: 0.8
  w: 0
effect:
  x: 0
  y: 0
  z: 0
  w: 0
contentSource: 
contentParameters:
  x: 0
  y: 0
  z: 0
  w: 0
