hidden: false
priority: 0
textName: Neutral Yellow Green B
source: Factory
rating: 1
pattern: 
colorPrimary:
  r: 0.3235294
  g: 0.3490196
  b: 0.2980392
  a: 0
colorSecondary:
  r: 0.4598038
  g: 0.7
  b: 0.2230392
  a: 0
colorTertiary:
  r: 0.2156863
  g: 0.25
  b: 0.1862745
  a: 0
materialPrimary:
  x: 0
  y: 0.5
  z: 0.8
  w: 0
materialSecondary:
  x: 0
  y: 0.5
  z: 0.8
  w: 0
materialTertiary:
  x: 0
  y: 0.5
  z: 0.8
  w: 0
effect:
  x: 0
  y: 0
  z: 0
  w: 0
