hidden: false
priority: 0
textName: Neutral Red C
source: Factory
rating: 1
pattern: 
colorPrimary:
  r: 0.3490196
  g: 0.2627451
  b: 0.2886275
  a: 0
colorSecondary:
  r: 0.25
  g: 0.1882022
  b: 0.2078652
  a: 0
colorTertiary:
  r: 0.6980392
  g: 0.303484
  b: 0.2582745
  a: 0
materialPrimary:
  x: 0
  y: 0.5
  z: 0.8
  w: 0
materialSecondary:
  x: 0
  y: 0.5
  z: 0.8
  w: 0
materialTertiary:
  x: 0
  y: 0.5
  z: 0.8
  w: 0
effect:
  x: 0
  y: 0
  z: 0
  w: 0
contentSource: 
contentParameters:
  x: 0
  y: 0
  z: 0
  w: 0
