hidden: false
priority: 0
textName: Iridescent Violet
source: Factory
rating: 3
pattern: 
colorPrimary:
  r: 0.3020362
  g: 0.2617647
  b: 0.3490196
  a: 0
colorSecondary:
  r: 0.1945098
  g: 0.1380392
  b: 0.2509804
  a: 0
colorTertiary:
  r: 0.5220588
  g: 0.2977941
  b: 0.75
  a: 0
materialPrimary:
  x: 0
  y: 0.5
  z: 0.8
  w: 0
materialSecondary:
  x: 0
  y: 0.5
  z: 0.8
  w: 0
materialTertiary:
  x: 0
  y: 0.5
  z: 0.8
  w: 0
effect:
  x: 1
  y: 0
  z: 1
  w: 0
