hidden: false
priority: 0
textName: Iridescent Blue
source: Factory
rating: 3
pattern: 
colorPrimary:
  r: 0.2980392
  g: 0.3235294
  b: 0.3490196
  a: 0
colorSecondary:
  r: 0.1882353
  g: 0.2196078
  b: 0.2509804
  a: 0
colorTertiary:
  r: 0.2230392
  g: 0.4598041
  b: 0.7
  a: 0
materialPrimary:
  x: 0
  y: 0.5
  z: 0.8
  w: 0
materialSecondary:
  x: 0
  y: 0.5
  z: 0.8
  w: 0
materialTertiary:
  x: 0
  y: 0.5
  z: 0.8
  w: 0
effect:
  x: 1
  y: 0
  z: 1
  w: 0
contentSource: 
contentParameters:
  x: 0
  y: 0
  z: 0
  w: 0
