hidden: false
priority: 0
textName: Neutral Violet C
source: Factory
rating: 1
pattern: 
colorPrimary:
  r: 0.3020362
  g: 0.2617647
  b: 0.3490196
  a: 0
colorSecondary:
  r: 0.1945098
  g: 0.1380392
  b: 0.2509804
  a: 0
colorTertiary:
  r: 0.4868968
  g: 0.2792157
  b: 0.6980392
  a: 0
materialPrimary:
  x: 0
  y: 0.5
  z: 0.8
  w: 0
materialSecondary:
  x: 0
  y: 0.5
  z: 0.8
  w: 0
materialTertiary:
  x: 0
  y: 0.5
  z: 0.8
  w: 0
effect:
  x: 0
  y: 0
  z: 0
  w: 0
