hidden: false
textName: Ocean
source: Army
rating: 1
pattern: 
colorPrimary:
  r: 0.4138928
  g: 0.4800787
  b: 0.6698113
  a: 1
colorSecondary:
  r: 0.6
  g: 0.6
  b: 0.6
  a: 1
colorTertiary:
  r: 0.4156863
  g: 0.4784314
  b: 0.6705883
  a: 1
materialPrimary:
  x: 0
  y: 0.5
  z: 0.8
  w: 0
materialSecondary:
  x: 0
  y: 0.5
  z: 0.8
  w: 0
materialTertiary:
  x: 0
  y: 0.5
  z: 0.8
  w: 0
effect:
  x: 0
  y: 0
  z: 0
  w: 0
