hidden: false
priority: 0
textName: Arctic Deep Shine
source: Brigade
rating: 2
pattern: 
colorPrimary:
  r: 0.3333333
  g: 0.4068156
  b: 0.5019608
  a: 0
colorSecondary:
  r: 0.2358491
  g: 0.2358491
  b: 0.2358491
  a: 0
colorTertiary:
  r: 0.2382022
  g: 0.5213482
  b: 0.8
  a: 0
materialPrimary:
  x: 0
  y: 0.5
  z: 0.8
  w: 0
materialSecondary:
  x: 0
  y: 0.5
  z: 0.8
  w: 0
materialTertiary:
  x: 0
  y: 0.5
  z: 0.8
  w: 0
effect:
  x: 0
  y: 0
  z: 0
  w: 0
contentSource: 
contentParameters:
  x: 0
  y: 0
  z: 0
  w: 0
