hidden: false
priority: 0
textName: Arctic Deep Sea
source: Brigade
rating: 2
pattern: 
colorPrimary:
  r: 0.3156863
  g: 0.5044119
  b: 0.7
  a: 0
colorSecondary:
  r: 0.2354041
  g: 0.3330556
  b: 0.4339623
  a: 0
colorTertiary:
  r: 0.25
  g: 0.2359551
  b: 0.2162921
  a: 0
materialPrimary:
  x: 0
  y: 0.5
  z: 0.8
  w: 0
materialSecondary:
  x: 0
  y: 0.5
  z: 0.8
  w: 0
materialTertiary:
  x: 0
  y: 0.5
  z: 0.8
  w: 0
effect:
  x: 0
  y: 0
  z: 0
  w: 0
