hidden: false
textName: Dark Silver Petal
source: '[aa]Petal'
rating: 1
pattern: 
colorPrimary:
  r: 0.3686275
  g: 0.3803922
  b: 0.3803922
  a: 0
colorSecondary:
  r: 0.8
  g: 0.52
  b: 0.5228282
  a: 0
colorTertiary:
  r: 0.9647059
  g: 0.8117648
  b: 0.7764707
  a: 0
materialPrimary:
  x: 0
  y: 0.5
  z: 0.8
  w: 0
materialSecondary:
  x: 0
  y: 0.5
  z: 0.8
  w: 0
materialTertiary:
  x: 0
  y: 0.5
  z: 0.8
  w: 0
effect:
  x: 0
  y: 0
  z: 0
  w: 0
