hidden: false
textName: Acid Wash
source: Rainier PMC
rating: 1
pattern: 
colorPrimary:
  r: 0.5372549
  g: 0.5372549
  b: 0.5372549
  a: 0
colorSecondary:
  r: 0.5019608
  g: 0.4745098
  b: 0.4392157
  a: 0
colorTertiary:
  r: 0.3396226
  g: 0.3396226
  b: 0.3396226
  a: 0
materialPrimary:
  x: 0
  y: 0.5
  z: 0.8
  w: 0
materialSecondary:
  x: 0
  y: 0.5
  z: 0.8
  w: 0
materialTertiary:
  x: 0
  y: 0.5
  z: 0.8
  w: 0
effect:
  x: 0
  y: 0
  z: 0
  w: 0
