hidden: false
textName: Acid Line
source: Rainier PMC
rating: 2
pattern: 
colorPrimary:
  r: 0.6
  g: 0.6
  b: 0.6
  a: 0
colorSecondary:
  r: 0.5019608
  g: 0.4745098
  b: 0.4392157
  a: 0
colorTertiary:
  r: 0.6117647
  g: 0.6784314
  b: 0.3254902
  a: 0
materialPrimary:
  x: 0
  y: 0.5
  z: 0.8
  w: 0
materialSecondary:
  x: 0
  y: 0.5
  z: 0.8
  w: 0
materialTertiary:
  x: 0
  y: 0.5
  z: 0.8
  w: 0
effect:
  x: 0
  y: 0
  z: 0
  w: 0
