hidden: false
priority: 0
textName: 
source: 
rating: 3
pattern: 
colorPrimary:
  r: 0.1909042
  g: 0.2328536
  b: 0.245283
  a: 0
colorSecondary:
  r: 0.2830189
  g: 0.2015842
  b: 0.250445
  a: 0
colorTertiary:
  r: 0.1839623
  g: 0.5934438
  b: 1
  a: 0
materialPrimary:
  x: 0
  y: 0.5
  z: 0.8
  w: 0
materialSecondary:
  x: 0
  y: 0.5
  z: 0.8
  w: 0
materialTertiary:
  x: 0
  y: 0.5
  z: 0.8
  w: 0
effect:
  x: 0
  y: 0
  z: 1
  w: 0
contentSource: sp
contentParameters:
  x: 0
  y: 0.3
  z: 1
  w: 2
