hidden: false
priority: 0
textName: 
source: 
rating: 3
pattern: 
colorPrimary:
  r: 0.2264151
  g: 0.2264151
  b: 0.2264151
  a: 0
colorSecondary:
  r: 0.2350481
  g: 0.3091136
  b: 0.3584906
  a: 0
colorTertiary:
  r: 0.5
  g: 0.2727273
  b: 0.4155844
  a: 0
materialPrimary:
  x: 0
  y: 0.5
  z: 0.8
  w: 0
materialSecondary:
  x: 0
  y: 0.5
  z: 0.8
  w: 0
materialTertiary:
  x: 0
  y: 0.5
  z: 0.8
  w: 0
effect:
  x: 0
  y: 0
  z: 1
  w: 0
contentSource: sp
contentParameters:
  x: 1
  y: 0.15
  z: 0.3
  w: 3
