hidden: false
textName: ' Sunset Dark A'
source: Army
rating: 1
pattern: 
colorPrimary:
  r: 0.3617647
  g: 0.4247995
  b: 0.4823529
  a: 1
colorSecondary:
  r: 1
  g: 0.5686275
  b: 0.3529412
  a: 1
colorTertiary:
  r: 0.2600694
  g: 0.30625
  b: 0.35
  a: 1
materialPrimary:
  x: 0
  y: 0.5
  z: 0.8
  w: 0
materialSecondary:
  x: 0
  y: 0.5
  z: 0.8
  w: 0
materialTertiary:
  x: 0
  y: 0.5
  z: 0.8
  w: 0
effect:
  x: 0
  y: 0
  z: 0
  w: 0
