hidden: false
priority: 0
textName: 
source: 
rating: 1
pattern: 
colorPrimary:
  r: 0.7
  g: 0.4598039
  b: 0.2230392
  a: 0
colorSecondary:
  r: 0.6392157
  g: 0.6470588
  b: 0.6509804
  a: 0
colorTertiary:
  r: 0.3490196
  g: 0.3490196
  b: 0.3490196
  a: 0
materialPrimary:
  x: 0
  y: 0.5
  z: 0.8
  w: 0
materialSecondary:
  x: 0
  y: 0.5
  z: 0.8
  w: 0
materialTertiary:
  x: 0
  y: 0.5
  z: 0.8
  w: 0
effect:
  x: 0
  y: 0
  z: 0
  w: 0
contentSource: 
contentParameters:
  x: 0
  y: 0
  z: 0
  w: 0
