hidden: false
priority: 0
textName: Homeguard A
source: Homeguard
rating: 1
pattern: 
colorPrimary:
  r: 0.3529412
  g: 0.4431373
  b: 0.3890196
  a: 0
colorSecondary:
  r: 0.5372549
  g: 0.5647059
  b: 0.5482353
  a: 0
colorTertiary:
  r: 0.3529412
  g: 0.4431373
  b: 0.3890196
  a: 0
materialPrimary:
  x: 0
  y: 0.3
  z: 0.5
  w: 0
materialSecondary:
  x: 0
  y: 0.3
  z: 0.5
  w: 0
materialTertiary:
  x: 0
  y: 0.3
  z: 0.5
  w: 0
effect:
  x: 0
  y: 0
  z: 0
  w: 0
contentSource: 
contentParameters:
  x: 0
  y: 0
  z: 0
  w: 0
