hidden: false
priority: 0
textName: Reserves G1
source: Reserves
rating: 1
pattern: 
colorPrimary:
  r: 0.3960784
  g: 0.3263686
  b: 0.3168628
  a: 0
colorSecondary:
  r: 0.5483593
  g: 0.5660378
  b: 0.5366679
  a: 0
colorTertiary:
  r: 0.3875338
  g: 0.4433962
  b: 0.3534621
  a: 0
materialPrimary:
  x: 0
  y: 0.3
  z: 0.5
  w: 0
materialSecondary:
  x: 0
  y: 0.3
  z: 0.5
  w: 0
materialTertiary:
  x: 0
  y: 0.3
  z: 0.5
  w: 0
effect:
  x: 0
  y: 0
  z: 0
  w: 0
contentSource: 
contentParameters:
  x: 0
  y: 0
  z: 0
  w: 0
