hidden: false
priority: 0
textName: Specops G2 ATK
source: Specops
rating: 1
pattern: 
colorPrimary:
  r: 0.35
  g: 0.2859756
  b: 0.277439
  a: 0
colorSecondary:
  r: 0.2812834
  g: 0.3642014
  b: 0.4056604
  a: 0
colorTertiary:
  r: 0.8196079
  g: 0.5340723
  b: 0.4156863
  a: 0
materialPrimary:
  x: 0
  y: 0.3
  z: 0.5
  w: 0
materialSecondary:
  x: 0
  y: 0.3
  z: 0.5
  w: 0
materialTertiary:
  x: 0
  y: 0.5
  z: 1
  w: 1
effect:
  x: 0
  y: 0
  z: 0
  w: 0
contentSource: 
contentParameters:
  x: 0
  y: 0
  z: 0
  w: 0
