hidden: false
priority: 0
textName: Army G3
source: Army
rating: 1
pattern: 
colorPrimary:
  r: 0.6235294
  g: 0.539879
  b: 0.4666667
  a: 0
colorSecondary:
  r: 0.5490196
  g: 0.4673332
  b: 0.4313726
  a: 0
colorTertiary:
  r: 0.5
  g: 0.316286
  b: 0.2382075
  a: 0
materialPrimary:
  x: 0
  y: 0.5
  z: 1
  w: 0
materialSecondary:
  x: 0
  y: 0.7
  z: 1
  w: 1
materialTertiary:
  x: 0
  y: 0.3
  z: 0.5
  w: 0
effect:
  x: 0
  y: 0
  z: 0
  w: 0
contentSource: 
contentParameters:
  x: 0
  y: 0
  z: 0
  w: 0
