hidden: false
priority: 0
textName: Field A
source: Army
rating: 1
pattern: 
colorPrimary:
  r: 0.2684564
  g: 0.4
  b: 0.2684564
  a: 0
colorSecondary:
  r: 0.4509804
  g: 0.375817
  b: 0.3607843
  a: 0.3843137
colorTertiary:
  r: 0.3210662
  g: 0.3427497
  b: 0.3490566
  a: 0
materialPrimary:
  x: 0
  y: 0.5
  z: 0.8
  w: 0
materialSecondary:
  x: 0
  y: 0.5
  z: 0.8
  w: 0
materialTertiary:
  x: 0
  y: 0.5
  z: 0.8
  w: 0
effect:
  x: 0
  y: 0
  z: 0
  w: 0
contentSource: 
contentParameters:
  x: 0
  y: 0
  z: 0
  w: 0
