hidden: false
priority: 0
textName: 
source: 
rating: 1
pattern: 
colorPrimary:
  r: 0.211345
  g: 0.2735849
  b: 0.1871217
  a: 0
colorSecondary:
  r: 0.2009612
  g: 0.2264151
  b: 0.1847633
  a: 0
colorTertiary:
  r: 0.7169812
  g: 0.507445
  b: 0.267177
  a: 0
materialPrimary:
  x: 0
  y: 0.5
  z: 0.8
  w: 0
materialSecondary:
  x: 0
  y: 0.5
  z: 0.8
  w: 0
materialTertiary:
  x: 0
  y: 0.5
  z: 0.8
  w: 1
effect:
  x: 0
  y: 0
  z: 0
  w: 0
contentSource: 
contentParameters:
  x: 0
  y: 0
  z: 0
  w: 0
