hidden: false
priority: 0
textName: Neutral Yellow Mid
source: Factory
rating: 1
pattern: 
colorPrimary:
  r: 0.5490196
  g: 0.4291798
  b: 0.1647059
  a: 0
colorSecondary:
  r: 0.7490196
  g: 0.593454
  b: 0.1872549
  a: 0
colorTertiary:
  r: 0.3210662
  g: 0.3427497
  b: 0.3490566
  a: 0
materialPrimary:
  x: 0
  y: 0.5
  z: 0.8
  w: 0
materialSecondary:
  x: 0
  y: 0.5
  z: 0.8
  w: 0
materialTertiary:
  x: 0
  y: 0.5
  z: 0.8
  w: 0
effect:
  x: 0
  y: 0
  z: 0
  w: 0
contentSource: 
contentParameters:
  x: 0
  y: 0
  z: 0
  w: 0
