hidden: false
priority: 0
textName: Neutral Orange C
source: Factory
rating: 1
pattern: 
colorPrimary:
  r: 0.3490196
  g: 0.3020362
  b: 0.2617647
  a: 0
colorSecondary:
  r: 0.2509804
  g: 0.2196078
  b: 0.1882353
  a: 0
colorTertiary:
  r: 0.7
  g: 0.4598039
  b: 0.2230392
  a: 0
materialPrimary:
  x: 0
  y: 0.5
  z: 0.8
  w: 0
materialSecondary:
  x: 0
  y: 0.5
  z: 0.8
  w: 0
materialTertiary:
  x: 0
  y: 0.5
  z: 0.8
  w: 0
effect:
  x: 0
  y: 0
  z: 0
  w: 0
contentSource: 
contentParameters:
  x: 0
  y: 0
  z: 0
  w: 0
