hidden: false
priority: 0
textName: 
source: 
rating: 1
pattern: 
colorPrimary:
  r: 0.1921569
  g: 0.3627257
  b: 0.4901961
  a: 0
colorSecondary:
  r: 0.1862318
  g: 0.2143536
  b: 0.254717
  a: 0
colorTertiary:
  r: 0.7169812
  g: 0.507445
  b: 0.267177
  a: 0
materialPrimary:
  x: 0
  y: 0.5
  z: 0.8
  w: 0
materialSecondary:
  x: 0
  y: 0.5
  z: 0.8
  w: 0
materialTertiary:
  x: 0
  y: 0.5
  z: 0.8
  w: 1
effect:
  x: 0
  y: 0
  z: 0
  w: 0
contentSource: 
contentParameters:
  x: 0
  y: 0
  z: 0
  w: 0
