hidden: false
priority: 0
textName: Iridescent E
source: Factory
rating: 3
pattern: 
colorPrimary:
  r: 0.6906633
  g: 0.6035511
  b: 0.9339623
  a: 0
colorSecondary:
  r: 0.2830189
  g: 0.2830189
  b: 0.2830189
  a: 0
colorTertiary:
  r: 0.3210662
  g: 0.3427497
  b: 0.3490566
  a: 0
materialPrimary:
  x: 0
  y: 0.5
  z: 0.8
  w: 1
materialSecondary:
  x: 0
  y: 0.5
  z: 0.8
  w: 0
materialTertiary:
  x: 0
  y: 0.5
  z: 0.8
  w: 0
effect:
  x: 1
  y: 0
  z: 0
  w: 0
contentSource: 
contentParameters:
  x: 0
  y: 0
  z: 0
  w: 0
