hidden: false
priority: 0
textName: 
source: 
rating: 1
pattern: 
colorPrimary:
  r: 0.4811321
  g: 0.3280082
  b: 0.129361
  a: 0
colorSecondary:
  r: 0.227451
  g: 0.2084265
  b: 0.1843137
  a: 0
colorTertiary:
  r: 0.7169812
  g: 0.507445
  b: 0.267177
  a: 0
materialPrimary:
  x: 0
  y: 0.5
  z: 0.8
  w: 0
materialSecondary:
  x: 0
  y: 0.5
  z: 0.8
  w: 0
materialTertiary:
  x: 0
  y: 0.5
  z: 0.8
  w: 1
effect:
  x: 0
  y: 0
  z: 0
  w: 0
contentSource: 
contentParameters:
  x: 0
  y: 0
  z: 0
  w: 0
