hidden: false
priority: 0
textName: Iridescent B
source: Factory
rating: 3
pattern: 
colorPrimary:
  r: 0.6048194
  g: 0.7735849
  b: 0.3685475
  a: 0
colorSecondary:
  r: 0.3111873
  g: 0.3490566
  b: 0.3149742
  a: 0
colorTertiary:
  r: 0.3210662
  g: 0.3427497
  b: 0.3490566
  a: 0
materialPrimary:
  x: 0
  y: 0.5
  z: 0.8
  w: 1
materialSecondary:
  x: 0
  y: 0.5
  z: 0.8
  w: 0.5
materialTertiary:
  x: 0
  y: 0.5
  z: 0.8
  w: 0
effect:
  x: 1
  y: 0.5
  z: 0
  w: 0
contentSource: 
contentParameters:
  x: 0
  y: 0
  z: 0
  w: 0
