hidden: false
priority: 0
textName: Acid Wash
source: Rainier PMC
rating: 1
pattern: 
colorPrimary:
  r: 0.5372549
  g: 0.5372549
  b: 0.5372549
  a: 0
colorSecondary:
  r: 0.4350166
  g: 0.4627451
  b: 0.2784314
  a: 0
colorTertiary:
  r: 0.3396226
  g: 0.3396226
  b: 0.3396226
  a: 0
materialPrimary:
  x: 0
  y: 0.5
  z: 0.8
  w: 0
materialSecondary:
  x: 0
  y: 0.5
  z: 0.8
  w: 0
materialTertiary:
  x: 0
  y: 0.5
  z: 0.8
  w: 0
effect:
  x: 0
  y: 0
  z: 0
  w: 0
contentSource: 
contentParameters:
  x: 0
  y: 0
  z: 0
  w: 0
