colorByFaction: false
color:
  r: 1
  g: 0.3640415
  b: 0.1839623
  a: 1
colorEnemy:
  r: 1
  g: 0.3640415
  b: 0.1839623
  a: 1
intensity: 4
durationBuildup: 0.01
durationStable: 0.01
durationFade: 0.05
offset: 1
