colorByFaction: true
color:
  r: 0.259434
  g: 0.4471662
  b: 1
  a: 1
colorEnemy:
  r: 1
  g: 0.4068627
  b: 0.3529412
  a: 1
intensity: 6
durationBuildup: 0.05
durationStable: 0.1
durationFade: 0.2
offset: 1
