colorByFaction: false
color:
  r: 1
  g: 0.3640415
  b: 0.1839623
  a: 1
colorEnemy:
  r: 1
  g: 0.3640415
  b: 0.1839623
  a: 1
intensity: 6
durationBuildup: 0.075
durationStable: 0.1
durationFade: 0.1
offset: 0.5
