uiColor:
  r: 0.4392157
  g: 0.7960785
  b: 0.9803922
  a: 1
threatOffset: 0.5
liveryGrade: g3
weightsInternal:
- qualityIndex: 3
  weight: 1
