colorByFaction: true
color:
  r: 1
  g: 0.5401382
  b: 0.2028302
  a: 1
colorEnemy:
  r: 1
  g: 0.4068627
  b: 0.3529412
  a: 1
intensity: 6
durationBuildup: 0.01
durationStable: 0.1
durationFade: 0.15
offset: 0.5
