colorByFaction: true
color:
  r: 0.3647059
  g: 0.4779529
  b: 1
  a: 1
colorEnemy:
  r: 1
  g: 0.4068627
  b: 0.3529412
  a: 1
intensity: 4
durationBuildup: 0.01
durationStable: 0.05
durationFade: 0.15
offset: 0.5
