colorByFaction: true
color:
  r: 1
  g: 0.6207627
  b: 0.2311321
  a: 1
colorEnemy:
  r: 1
  g: 0.4068627
  b: 0.3529412
  a: 1
intensity: 6
durationBuildup: 0.01
durationStable: 0.02
durationFade: 0.03
offset: 0.5
