image: t_portrait_pilot_state_cnc
color:
  r: 1
  g: 0.6679739
  b: 0.5019608
  a: 1
