image: t_portrait_pilot_preset_pb_01
color:
  r: 0.504717
  g: 0.7523585
  b: 1
  a: 1
