image: t_portrait_pilot_preset_pb_03
color:
  r: 0.5058824
  g: 0.7529412
  b: 1
  a: 1
